pIC50
5.1593
4.9755
5.3089
5.0092
5.7747
5.0278
5.2358
5.0453
5.3019
5.1169
5.3696
5.6478
6.4318
6.0706
5.6861
6.0915
5.8794
6.3872
5.7122
4.9646
5.8097
5.5575
5.6003
5.7932
5.2013
5.4112
5.6861
5.0070
6.0555
5.9431
5.9208
5.6517
5.9208
4.9747
5.6364
6.3768
7.1805
8.6021
8.3979
7.5317
5.6055
5.6021
5.6021
5.6990
5.6021
5.8239
5.8239
5.8239
5.6021
5.5686
5.7447
5.8239
5.0942
5.0969
5.3936
5.7959
5.6576
5.5317
5.8239
5.8239
5.8239
5.5114
5.8665
5.7144
5.1656
5.6289
5.5901
5.7077
5.6968
5.7852
5.7033
5.6055
5.7852
5.4318
5.0706
5.6364
6.5229
6.5229
5.1739
5.5686
5.6289
6.8239
6.9208
6.7212
6.6021
7.3098
7.4202
6.0000
6.1555
7.0410
7.5686
8.0458
7.2518
5.6613
5.5433
6.1385
6.2848
5.9931
7.2218
7.3010
7.0706
6.2069
5.1367
5.4908
5.4034
5.5003
5.9469
5.3401
5.1421
5.1798
5.4271
5.7825
5.1475
5.3002
5.1805
5.6615
5.3686
5.3809
6.3872
6.6990
5.5735
6.3098
5.3010
5.1549
5.0000
5.3179
4.9970
5.3420
